每幅图像的标定误差：
第1幅图像的平均误差：0.0258563像素
第2幅图像的平均误差：0.023306像素
第3幅图像的平均误差：0.0283909像素
第4幅图像的平均误差：0.0266684像素
第5幅图像的平均误差：0.0286252像素
第6幅图像的平均误差：0.0241266像素
第7幅图像的平均误差：0.0272634像素
第8幅图像的平均误差：0.0346018像素
第9幅图像的平均误差：0.0270516像素
第10幅图像的平均误差：0.0223017像素
第11幅图像的平均误差：0.0275872像素
第12幅图像的平均误差：0.0261583像素
第13幅图像的平均误差：0.0233271像素
总体平均误差：0.0265588像素

相机内参数矩阵：
[532.7953656174288, 0, 342.4582516301621;
 0, 532.9192833756233, 233.9006051378711;
 0, 0, 1]

畸变系数：
[-0.28108625815962, 0.02725810095849265, 0.001216659081845966, -0.0001342042739236531, 0.1585140232960111]


第1幅图像的旋转向量：
[-75.372804764333;
 -107.6780894712755;
 397.4505273857449]
第1幅图像的旋转矩阵：
[-0.6499859871759281, 0.7520663477386235, -0.1091532183401944;
 -0.5941143808634918, -0.592442198485353, -0.5440958958722547;
 -0.4738631858734375, -0.2888052112634564, 0.831892559782179]
第1幅图像的平移向量：
[-1.986346303340081;
 -2.012789349152413;
 0.1089158316519259]

第2幅图像的旋转向量：
[-58.48032835251189;
 83.30315987780038;
 352.3444654956839]
第2幅图像的旋转矩阵：
[-0.6424636686873617, -0.7606808615072688, -0.09276346992935983;
 0.6386019621054307, -0.5983659311512822, 0.4838860882816874;
 -0.4235893865666017, 0.2516402975956321, 0.8702006620395729]
第2幅图像的平移向量：
[-2.425877082065102;
 -0.2061910922092948;
 0.1976243594982462]

第3幅图像的旋转向量：
[-39.94334617531513;
 -99.42153751498404;
 316.5351827078492]
第3幅图像的旋转矩阵：
[0.4000179598462074, -0.8500255098746881, -0.3426985035898968;
 0.8933155554129779, 0.4451977529815966, -0.06153274898247243;
 0.204873010076195, -0.2815236993619076, 0.9374281073447209]
第3幅图像的平移向量：
[1.729501965455976;
 2.494141306831448;
 -0.5029672852970585]

第4幅图像的旋转向量：
[-98.55883868665904;
 -66.29163488353495;
 328.9375571844351]
第4幅图像的旋转矩阵：
[-0.4107357237700699, 0.8780115156878097, -0.2457477233641691;
 -0.7142873445706535, -0.4773826353014495, -0.5117610857605802;
 -0.5666478223776047, -0.03466407120115281, 0.8232306162689043]
第4幅图像的平移向量：
[-2.145688425819943;
 -2.140485443844256;
 0.3793190690283982]

第5幅图像的旋转向量：
[58.41273329316618;
 -114.3146597422334;
 315.8305041617602]
第5幅图像的旋转矩阵：
[-0.02947069728059218, -0.9856268142912452, -0.1663468092627173;
 0.863761570453905, 0.05863995216045, -0.500477077814383;
 0.5030381967691913, -0.1584333896649039, 0.849618404715016]
第5幅图像的平移向量：
[-0.3412341274178112;
 -2.948303839031299;
 0.7194678584865816]

第6幅图像的旋转向量：
[167.1457397339517;
 -64.45677815748826;
 334.1830919380189]
第6幅图像的旋转矩阵：
[-0.2666794187317577, -0.8406300602471161, 0.4714055466727367;
 0.6050013241490965, -0.526756086086053, -0.5970774016399738;
 0.7502369528373896, 0.1259727255410181, 0.6490573064198841]
第6幅图像的平移向量：
[0.1467199366800524;
 -2.690099965655637;
 -0.08540687948193501]

第7幅图像的旋转向量：
[19.42391046922396;
 -70.57127419456009;
 387.2973191238691]
第7幅图像的旋转矩阵：
[-0.1136250936417777, 0.9660840186484186, 0.2318857628381249;
 -0.9857837055780653, -0.08054953191973309, -0.1474525643191402;
 -0.1237732762419882, -0.2453435179898458, 0.9615023319101679]
第7幅图像的平移向量：
[0.4456505266187528;
 -2.786062848493334;
 0.1482646388276715]

第8幅图像的旋转向量：
[78.92198515842827;
 -86.95245567110473;
 315.0508885331585]
第8幅图像的旋转矩阵：
[-0.8872570682537886, -0.05250406941310334, 0.4582774460179726;
 -0.1899878730568565, -0.8637224082836437, -0.4667849713947896;
 0.4203326098758262, -0.5012254224635526, 0.756368675284222]
第8幅图像的平移向量：
[0.3030949873800418;
 -2.840695812112017;
 0.5157831245154537]

第9幅图像的旋转向量：
[-66.40055472620247;
 -80.11712395953833;
 276.4507362770349]
第9幅图像的旋转矩阵：
[0.9972495494078084, -0.07100862973483245, -0.02123936696571868;
 0.07136187071686746, 0.9973162730214458, 0.01636260903408171;
 0.02002047985718843, -0.01783328544588985, 0.9996405125426306]
第9幅图像的平移向量：
[1.914057237528133;
 2.192779812613772;
 0.6546590771623398]

第10幅图像的旋转向量：
[46.81005178177865;
 -109.9234899599027;
 336.4163601634308]
第10幅图像的旋转矩阵：
[0.4278655306301216, 0.832623252406643, 0.3516668981442354;
 -0.8796287127063021, 0.4730482609780352, -0.04978624878729533;
 -0.2078086030010746, -0.2880344811605727, 0.934800364880813]
第10幅图像的平移向量：
[0.2401779383578587;
 2.529051690237822;
 0.06478527792545508]

第11幅图像的旋转向量：
[50.63763074132995;
 -101.5977958868538;
 320.6979025274152]
第11幅图像的旋转矩阵：
[0.626807805038434, -0.7578227861181366, -0.1811535271062797;
 0.7238921698400718, 0.6523907563162434, -0.2244246588887963;
 0.288257006830941, 0.009535508023438666, 0.9575055989912549]
第11幅图像的平移向量：
[-0.02971060404422603;
 -3.018990645615772;
 0.5761629740599237]

第12幅图像的旋转向量：
[33.62783007997;
 -90.44605491751729;
 289.1814780945785]
第12幅图像的旋转矩阵：
[-0.968367742092163, 0.04987273737380749, 0.2444925891354773;
 -0.1802949829703869, -0.8172201450306472, -0.5473983500813607;
 0.17250401499975, -0.5741636914878293, 0.8003614309710553]
第12幅图像的平移向量：
[-0.4417976666495137;
 -2.897339070660192;
 -0.7424725912604913]

第13幅图像的旋转向量：
[44.91040258734306;
 -107.1755429928164;
 310.8542538239964]
第13幅图像的旋转矩阵：
[0.4242162693711067, 0.8272380568845473, 0.3683989061367298;
 -0.8785050897811301, 0.474647504050468, -0.05420843225282949;
 -0.2197028994563097, -0.3006442152121662, 0.9280860368683237]
第13幅图像的平移向量：
[0.2676030243649976;
 2.696545521165397;
 0.2663637356042989]


